Ranger OUTPUT

1,2; 2,2; 4,2; -2,2; 0.5,0.8; 1,10; 1,100; 0,0

RANGE: 1,2

Please enter a valid range (start value): 
1
End value: 
2
Random number array...
[1, 1, 2, 1, 1, 1, 1, 2, 2, 1]
Mean: 1.3
SD: 0.45825756949558405
Random number array...
[1, 1, 2, 1, 1, 1, 1, 2, 2, 1, 2, 1, 2, 2, 2, 1, 2, 2, 2, 1]
Mean: 0.65
SD: 0.9861541461658011
Random number array...
[1, 1, 2, 1, 1, 1, 1, 2, 2, 1, 2, 1, 2, 2, 2, 1, 2, 2, 2, 1, 2, 1, 1, 1, 1, 2, 1, 2, 1, 1]
Mean: 0.43333333333333335
SD: 1.1160446028522137
Random number array...
[1, 1, 2, 1, 1, 1, 1, 2, 2, 1, 2, 1, 2, 2, 2, 1, 2, 2, 2, 1, 2, 1, 1, 1, 1, 2, 1, 2, 1, 1, 1, 1, 2, 1, 1, 1, 2, 1, 2, 2]
Mean: 0.325
SD: 1.2059747095192332
Random number array...
[1, 1, 2, 1, 1, 1, 1, 2, 2, 1, 2, 1, 2, 2, 2, 1, 2, 2, 2, 1, 2, 1, 1, 1, 1, 2, 1, 2, 1, 1, 1, 1, 2, 1, 1, 1, 2, 1, 2, 2, 2, 1, 2, 2, 2, 2, 1, 1, 1, 1]
Mean: 0.26
SD: 1.2801562404644213
Random number array...
[1, 1, 2, 1, 1, 1, 1, 2, 2, 1, 2, 1, 2, 2, 2, 1, 2, 2, 2, 1, 2, 1, 1, 1, 1, 2, 1, 2, 1, 1, 1, 1, 2, 1, 1, 1, 2, 1, 2, 2, 2, 1, 2, 2, 2, 2, 1, 1, 1, 1, 1, 1, 1, 1, 2, 2, 1, 2, 2, 2]
Mean: 0.21666666666666667
SD: 1.3298913907199756
Random number array...
[1, 1, 2, 1, 1, 1, 1, 2, 2, 1, 2, 1, 2, 2, 2, 1, 2, 2, 2, 1, 2, 1, 1, 1, 1, 2, 1, 2, 1, 1, 1, 1, 2, 1, 1, 1, 2, 1, 2, 2, 2, 1, 2, 2, 2, 2, 1, 1, 1, 1, 1, 1, 1, 1, 2, 2, 1, 2, 2, 2, 1, 2, 2, 2, 1, 1, 2, 2, 2, 1]
Mean: 0.18571428571428572
SD: 1.3792189448956915
Random number array...
[1, 1, 2, 1, 1, 1, 1, 2, 2, 1, 2, 1, 2, 2, 2, 1, 2, 2, 2, 1, 2, 1, 1, 1, 1, 2, 1, 2, 1, 1, 1, 1, 2, 1, 1, 1, 2, 1, 2, 2, 2, 1, 2, 2, 2, 2, 1, 1, 1, 1, 1, 1, 1, 1, 2, 2, 1, 2, 2, 2, 1, 2, 2, 2, 1, 1, 2, 2, 2, 1, 1, 1, 2, 2, 2, 2, 2, 2, 1, 2]
Mean: 0.1625
SD: 1.4279027452876478
Random number array...
[1, 1, 2, 1, 1, 1, 1, 2, 2, 1, 2, 1, 2, 2, 2, 1, 2, 2, 2, 1, 2, 1, 1, 1, 1, 2, 1, 2, 1, 1, 1, 1, 2, 1, 1, 1, 2, 1, 2, 2, 2, 1, 2, 2, 2, 2, 1, 1, 1, 1, 1, 1, 1, 1, 2, 2, 1, 2, 2, 2, 1, 2, 2, 2, 1, 1, 2, 2, 2, 1, 1, 1, 2, 2, 2, 2, 2, 2, 1, 2, 1, 1, 1, 2, 1, 1, 2, 2, 2, 1]
Mean: 0.14444444444444443
SD: 1.4343665526661618
Random number array...
[1, 1, 2, 1, 1, 1, 1, 2, 2, 1, 2, 1, 2, 2, 2, 1, 2, 2, 2, 1, 2, 1, 1, 1, 1, 2, 1, 2, 1, 1, 1, 1, 2, 1, 1, 1, 2, 1, 2, 2, 2, 1, 2, 2, 2, 2, 1, 1, 1, 1, 1, 1, 1, 1, 2, 2, 1, 2, 2, 2, 1, 2, 2, 2, 1, 1, 2, 2, 2, 1, 1, 1, 2, 2, 2, 2, 2, 2, 1, 2, 1, 1, 1, 2, 1, 1, 2, 2, 2, 1, 1, 1, 2, 2, 1, 2, 1, 1, 1, 2]
Mean: 0.13
SD: 1.4394790724425286
Please enter a valid range (start value): 





RANGE: 2,2

Please enter a valid range (start value): 
2
End value: 
2
Random number array...
[2, 2, 2, 2, 2, 2, 2, 2, 2, 2]
Mean: 2.0
SD: 0.0
Random number array...
[2, 2, 2, 2, 2, 2, 2, 2, 2, 2, 2, 2, 2, 2, 2, 2, 2, 2, 2, 2]
Mean: 1.0
SD: 1.0
Random number array...
[2, 2, 2, 2, 2, 2, 2, 2, 2, 2, 2, 2, 2, 2, 2, 2, 2, 2, 2, 2, 2, 2, 2, 2, 2, 2, 2, 2, 2, 2]
Mean: 0.6666666666666666
SD: 1.3333333333333335
Random number array...
[2, 2, 2, 2, 2, 2, 2, 2, 2, 2, 2, 2, 2, 2, 2, 2, 2, 2, 2, 2, 2, 2, 2, 2, 2, 2, 2, 2, 2, 2, 2, 2, 2, 2, 2, 2, 2, 2, 2, 2]
Mean: 0.5
SD: 1.5
Random number array...
[2, 2, 2, 2, 2, 2, 2, 2, 2, 2, 2, 2, 2, 2, 2, 2, 2, 2, 2, 2, 2, 2, 2, 2, 2, 2, 2, 2, 2, 2, 2, 2, 2, 2, 2, 2, 2, 2, 2, 2, 2, 2, 2, 2, 2, 2, 2, 2, 2, 2]
Mean: 0.4
SD: 1.6000000000000005
Random number array...
[2, 2, 2, 2, 2, 2, 2, 2, 2, 2, 2, 2, 2, 2, 2, 2, 2, 2, 2, 2, 2, 2, 2, 2, 2, 2, 2, 2, 2, 2, 2, 2, 2, 2, 2, 2, 2, 2, 2, 2, 2, 2, 2, 2, 2, 2, 2, 2, 2, 2, 2, 2, 2, 2, 2, 2, 2, 2, 2, 2]
Mean: 0.3333333333333333
SD: 1.6666666666666656
Random number array...
[2, 2, 2, 2, 2, 2, 2, 2, 2, 2, 2, 2, 2, 2, 2, 2, 2, 2, 2, 2, 2, 2, 2, 2, 2, 2, 2, 2, 2, 2, 2, 2, 2, 2, 2, 2, 2, 2, 2, 2, 2, 2, 2, 2, 2, 2, 2, 2, 2, 2, 2, 2, 2, 2, 2, 2, 2, 2, 2, 2, 2, 2, 2, 2, 2, 2, 2, 2, 2, 2]
Mean: 0.2857142857142857
SD: 1.714285714285716
Random number array...
[2, 2, 2, 2, 2, 2, 2, 2, 2, 2, 2, 2, 2, 2, 2, 2, 2, 2, 2, 2, 2, 2, 2, 2, 2, 2, 2, 2, 2, 2, 2, 2, 2, 2, 2, 2, 2, 2, 2, 2, 2, 2, 2, 2, 2, 2, 2, 2, 2, 2, 2, 2, 2, 2, 2, 2, 2, 2, 2, 2, 2, 2, 2, 2, 2, 2, 2, 2, 2, 2, 2, 2, 2, 2, 2, 2, 2, 2, 2, 2]
Mean: 0.25
SD: 1.75
Random number array...
[2, 2, 2, 2, 2, 2, 2, 2, 2, 2, 2, 2, 2, 2, 2, 2, 2, 2, 2, 2, 2, 2, 2, 2, 2, 2, 2, 2, 2, 2, 2, 2, 2, 2, 2, 2, 2, 2, 2, 2, 2, 2, 2, 2, 2, 2, 2, 2, 2, 2, 2, 2, 2, 2, 2, 2, 2, 2, 2, 2, 2, 2, 2, 2, 2, 2, 2, 2, 2, 2, 2, 2, 2, 2, 2, 2, 2, 2, 2, 2, 2, 2, 2, 2, 2, 2, 2, 2, 2, 2]
Mean: 0.2222222222222222
SD: 1.77777777777778
Random number array...
[2, 2, 2, 2, 2, 2, 2, 2, 2, 2, 2, 2, 2, 2, 2, 2, 2, 2, 2, 2, 2, 2, 2, 2, 2, 2, 2, 2, 2, 2, 2, 2, 2, 2, 2, 2, 2, 2, 2, 2, 2, 2, 2, 2, 2, 2, 2, 2, 2, 2, 2, 2, 2, 2, 2, 2, 2, 2, 2, 2, 2, 2, 2, 2, 2, 2, 2, 2, 2, 2, 2, 2, 2, 2, 2, 2, 2, 2, 2, 2, 2, 2, 2, 2, 2, 2, 2, 2, 2, 2, 2, 2, 2, 2, 2, 2, 2, 2, 2, 2]
Mean: 0.2
SD: 1.8000000000000014
Please enter a valid range (start value): 





RANGE: 4,2

Please enter a valid range (start value): 
4
End value: 
2
Please enter a valid range (start value): 





RANGE: -2,2

Please enter a valid range (start value): 
-2
Invalid number, please eneter a positive integer.
2
End value: 





RANGE: 0.5,0.8

Please enter a valid range (start value): 
0.5
Invalid number, please eneter a positive integer.
0.8
Invalid number, please eneter a positive integer.





RANGE: 1,10

Please enter a valid range (start value): 
1
End value: 
10
Random number array...
[10, 7, 5, 6, 9, 9, 10, 4, 8, 3]
Mean: 7.1
SD: 2.3853720883753127
Random number array...
[10, 7, 5, 6, 9, 9, 10, 4, 8, 3, 8, 10, 3, 8, 9, 7, 8, 9, 2, 1]
Mean: 3.55
SD: 4.268782027698299
Random number array...
[10, 7, 5, 6, 9, 9, 10, 4, 8, 3, 8, 10, 3, 8, 9, 7, 8, 9, 2, 1, 4, 10, 10, 5, 4, 10, 5, 9, 4, 1]
Mean: 2.3666666666666667
SD: 5.127810882281486
Random number array...
[10, 7, 5, 6, 9, 9, 10, 4, 8, 3, 8, 10, 3, 8, 9, 7, 8, 9, 2, 1, 4, 10, 10, 5, 4, 10, 5, 9, 4, 1, 8, 8, 7, 7, 8, 5, 9, 1, 8, 9]
Mean: 1.775
SD: 5.644964570305113
Random number array...
[10, 7, 5, 6, 9, 9, 10, 4, 8, 3, 8, 10, 3, 8, 9, 7, 8, 9, 2, 1, 4, 10, 10, 5, 4, 10, 5, 9, 4, 1, 8, 8, 7, 7, 8, 5, 9, 1, 8, 9, 8, 7, 9, 5, 3, 8, 4, 3, 2, 7]
Mean: 1.42
SD: 5.745711444199056
Random number array...
[10, 7, 5, 6, 9, 9, 10, 4, 8, 3, 8, 10, 3, 8, 9, 7, 8, 9, 2, 1, 4, 10, 10, 5, 4, 10, 5, 9, 4, 1, 8, 8, 7, 7, 8, 5, 9, 1, 8, 9, 8, 7, 9, 5, 3, 8, 4, 3, 2, 7, 8, 10, 10, 9, 6, 7, 8, 4, 3, 6]
Mean: 1.1833333333333333
SD: 6.019666842017829
Random number array...
[10, 7, 5, 6, 9, 9, 10, 4, 8, 3, 8, 10, 3, 8, 9, 7, 8, 9, 2, 1, 4, 10, 10, 5, 4, 10, 5, 9, 4, 1, 8, 8, 7, 7, 8, 5, 9, 1, 8, 9, 8, 7, 9, 5, 3, 8, 4, 3, 2, 7, 8, 10, 10, 9, 6, 7, 8, 4, 3, 6, 2, 3, 7, 4, 7, 9, 5, 4, 8, 3]
Mean: 1.0142857142857142
SD: 5.990758188532515
Random number array...
[10, 7, 5, 6, 9, 9, 10, 4, 8, 3, 8, 10, 3, 8, 9, 7, 8, 9, 2, 1, 4, 10, 10, 5, 4, 10, 5, 9, 4, 1, 8, 8, 7, 7, 8, 5, 9, 1, 8, 9, 8, 7, 9, 5, 3, 8, 4, 3, 2, 7, 8, 10, 10, 9, 6, 7, 8, 4, 3, 6, 2, 3, 7, 4, 7, 9, 5, 4, 8, 3, 8, 4, 8, 2, 3, 7, 9, 2, 5, 9]
Mean: 0.8875
SD: 6.033668556525125
Random number array...
[10, 7, 5, 6, 9, 9, 10, 4, 8, 3, 8, 10, 3, 8, 9, 7, 8, 9, 2, 1, 4, 10, 10, 5, 4, 10, 5, 9, 4, 1, 8, 8, 7, 7, 8, 5, 9, 1, 8, 9, 8, 7, 9, 5, 3, 8, 4, 3, 2, 7, 8, 10, 10, 9, 6, 7, 8, 4, 3, 6, 2, 3, 7, 4, 7, 9, 5, 4, 8, 3, 8, 4, 8, 2, 3, 7, 9, 2, 5, 9, 8, 6, 7, 2, 4, 9, 10, 9, 10, 10]
Mean: 0.7888888888888889
SD: 6.251646696651458
Random number array...
[10, 7, 5, 6, 9, 9, 10, 4, 8, 3, 8, 10, 3, 8, 9, 7, 8, 9, 2, 1, 4, 10, 10, 5, 4, 10, 5, 9, 4, 1, 8, 8, 7, 7, 8, 5, 9, 1, 8, 9, 8, 7, 9, 5, 3, 8, 4, 3, 2, 7, 8, 10, 10, 9, 6, 7, 8, 4, 3, 6, 2, 3, 7, 4, 7, 9, 5, 4, 8, 3, 8, 4, 8, 2, 3, 7, 9, 2, 5, 9, 8, 6, 7, 2, 4, 9, 10, 9, 10, 10, 7, 1, 4, 7, 6, 9, 10, 1, 4, 8]
Mean: 0.71
SD: 6.273188981690251
Please enter a valid range (start value): 





RANGE: 1,100

Please enter a valid range (start value): 
1
End value: 
100 
Random number array...
[50, 85, 45, 99, 1, 61, 83, 82, 92, 28]
Mean: 62.6
SD: 29.910533261712335
Random number array...
[50, 85, 45, 99, 1, 61, 83, 82, 92, 28, 14, 8, 7, 62, 43, 5, 68, 10, 58, 21]
Mean: 31.3
SD: 35.04753914328366
Random number array...
[50, 85, 45, 99, 1, 61, 83, 82, 92, 28, 14, 8, 7, 62, 43, 5, 68, 10, 58, 21, 21, 23, 74, 20, 59, 32, 36, 3, 12, 71]
Mean: 20.866666666666667
SD: 36.72737398725915
Random number array...
[50, 85, 45, 99, 1, 61, 83, 82, 92, 28, 14, 8, 7, 62, 43, 5, 68, 10, 58, 21, 21, 23, 74, 20, 59, 32, 36, 3, 12, 71, 96, 83, 6, 72, 7, 86, 17, 50, 47, 26]
Mean: 15.65
SD: 41.71031047594826
Random number array...
[50, 85, 45, 99, 1, 61, 83, 82, 92, 28, 14, 8, 7, 62, 43, 5, 68, 10, 58, 21, 21, 23, 74, 20, 59, 32, 36, 3, 12, 71, 96, 83, 6, 72, 7, 86, 17, 50, 47, 26, 14, 72, 59, 33, 19, 68, 82, 64, 46, 21]
Mean: 12.52
SD: 43.59125600392813
Random number array...
[50, 85, 45, 99, 1, 61, 83, 82, 92, 28, 14, 8, 7, 62, 43, 5, 68, 10, 58, 21, 21, 23, 74, 20, 59, 32, 36, 3, 12, 71, 96, 83, 6, 72, 7, 86, 17, 50, 47, 26, 14, 72, 59, 33, 19, 68, 82, 64, 46, 21, 77, 86, 35, 40, 57, 86, 85, 79, 18, 95]
Mean: 10.433333333333334
SD: 48.120646989277546
Random number array...
[50, 85, 45, 99, 1, 61, 83, 82, 92, 28, 14, 8, 7, 62, 43, 5, 68, 10, 58, 21, 21, 23, 74, 20, 59, 32, 36, 3, 12, 71, 96, 83, 6, 72, 7, 86, 17, 50, 47, 26, 14, 72, 59, 33, 19, 68, 82, 64, 46, 21, 77, 86, 35, 40, 57, 86, 85, 79, 18, 95, 47, 62, 16, 1, 68, 60, 20, 31, 35, 79]
Mean: 8.942857142857143
SD: 48.18289983733537
Random number array...
[50, 85, 45, 99, 1, 61, 83, 82, 92, 28, 14, 8, 7, 62, 43, 5, 68, 10, 58, 21, 21, 23, 74, 20, 59, 32, 36, 3, 12, 71, 96, 83, 6, 72, 7, 86, 17, 50, 47, 26, 14, 72, 59, 33, 19, 68, 82, 64, 46, 21, 77, 86, 35, 40, 57, 86, 85, 79, 18, 95, 47, 62, 16, 1, 68, 60, 20, 31, 35, 79, 86, 98, 15, 14, 64, 82, 100, 32, 18, 65]
Mean: 7.825
SD: 50.505030690021364
Random number array...
[50, 85, 45, 99, 1, 61, 83, 82, 92, 28, 14, 8, 7, 62, 43, 5, 68, 10, 58, 21, 21, 23, 74, 20, 59, 32, 36, 3, 12, 71, 96, 83, 6, 72, 7, 86, 17, 50, 47, 26, 14, 72, 59, 33, 19, 68, 82, 64, 46, 21, 77, 86, 35, 40, 57, 86, 85, 79, 18, 95, 47, 62, 16, 1, 68, 60, 20, 31, 35, 79, 86, 98, 15, 14, 64, 82, 100, 32, 18, 65, 54, 22, 37, 4, 27, 29, 16, 52, 21, 8]
Mean: 6.955555555555556
SD: 49.02925808278307
Random number array...
[50, 85, 45, 99, 1, 61, 83, 82, 92, 28, 14, 8, 7, 62, 43, 5, 68, 10, 58, 21, 21, 23, 74, 20, 59, 32, 36, 3, 12, 71, 96, 83, 6, 72, 7, 86, 17, 50, 47, 26, 14, 72, 59, 33, 19, 68, 82, 64, 46, 21, 77, 86, 35, 40, 57, 86, 85, 79, 18, 95, 47, 62, 16, 1, 68, 60, 20, 31, 35, 79, 86, 98, 15, 14, 64, 82, 100, 32, 18, 65, 54, 22, 37, 4, 27, 29, 16, 52, 21, 8, 77, 71, 55, 20, 14, 5, 80, 51, 13, 39]
Mean: 6.26
SD: 49.16182665442771
Please enter a valid range (start value): 






RANGE: 0,0

Please enter a valid range (start value): 
0
End value: 
0
(base) âœ  Projects 